943761699876515860
943762706236846090
943762798905798666
943782055311990834
943783235316506644
943783259983204382
943783349879713802
943783503420608552
943783544679972884
943784510686900235
943789261331771414
943810705906352148
943820623631765514
943820728439033876
943822762122813460
943829017813975081
943833864663601173
943834960551350312
943834999021510756
943835061663445012
943835127274930176
943835250499416094
943838076956979210
943838143738707988
943838227880640512
943838447708303411
943838531644706917
943839052354969620
943839175784939520
943843401948876821
943843902882996225
